%YAML:1.0
shape: !!opencv-matrix
   rows: 132
   cols: 1
   dt: d
   data: [ 1.5796354286811976e-007, 2.7657884268875947e+000,
       6.5634275657808763e+000, 1.1063837491417853e+001,
       1.7160826127964651e+001, 2.6757893770443626e+001,
       3.9299571373795850e+001, 5.3613633932993807e+001,
       6.9214243833925437e+001, 8.6189087314644979e+001,
       1.0075615639346648e+002, 1.1294252752272409e+002,
       1.2186893581189112e+002, 1.2651935347948989e+002,
       1.2799999440317428e+002, 1.2783282377548313e+002,
       1.2667831353278615e+002, 4.8555796789836991e+000,
       1.1378512966579542e+001, 2.0331881667039596e+001,
       2.9970313249293174e+001, 3.9481500480716818e+001,
       6.7397113742018419e+001, 7.6810561037459820e+001,
       8.6902041078905910e+001, 9.7044086925693961e+001,
       1.0578292470335943e+002, 5.5900801642026032e+001,
       5.6461369931147289e+001, 5.6982410377166609e+001,
       5.7540695954866571e+001, 4.9338170203737036e+001,
       5.4733236820508850e+001, 6.0354379283784809e+001,
       6.6134963536926165e+001, 7.1416628464733165e+001,
       1.9722578744663931e+001, 2.5335072917153322e+001,
       3.2538125022718084e+001, 3.9037515662421754e+001,
       3.2793665069369908e+001, 2.6103534867316416e+001,
       7.4936008845700002e+001, 8.0438289259654923e+001,
       8.7690867913422522e+001, 9.4243809441177561e+001,
       8.8205247580917728e+001, 8.1486320823553626e+001,
       4.0019235638814763e+001, 4.6156047431944003e+001,
       5.3510362746196918e+001, 6.1712899060098245e+001,
       7.0575979302295465e+001, 7.9435651176284125e+001,
       8.7682864228453539e+001, 8.1745148703674644e+001,
       7.3637951828581066e+001, 6.4235601958240537e+001,
       5.5252555155593761e+001, 4.6873384057676937e+001,
       5.3778634426859313e+001, 6.2590918850185794e+001,
       7.2473516214405734e+001, 7.3237254510018815e+001,
       6.3264440111510815e+001, 5.4073743200177951e+001,
       3.5008281947042825e+001, 5.1073643475297558e+001,
       6.6947476284989193e+001, 8.2749448688621172e+001,
       9.7903211578871208e+001, 1.1065268729824386e+002,
       1.2026129294011015e+002, 1.2678986599543821e+002,
       1.2799999302342033e+002, 1.2318739335526875e+002,
       1.1343704965079546e+002, 1.0094860984057563e+002,
       8.6020942430893825e+001, 6.9704984659032917e+001,
       5.3379017627881048e+001, 3.7272411804789421e+001,
       2.1196594135531139e+001, 1.5986141107622192e+001,
       9.7406259940427198e+000, 6.7397579212579721e+000,
       6.5508968523690330e+000, 8.4373387288808530e+000,
       5.6595021053652079e+000, 1.8485914216258916e+000,
       2.6933826033713736e-006, 1.0003048808601283e+000,
       5.6161747194099290e+000, 2.4071689109818333e+001,
       3.4652254148983054e+001, 4.5197330453594532e+001,
       5.5673235822705919e+001, 6.4105509820272871e+001,
       6.5490404318362309e+001, 6.5753049358694597e+001,
       6.4269503201891169e+001, 6.1738384574973175e+001,
       2.9706444215763458e+001, 2.5640694220798384e+001,
       2.4917372731256840e+001, 2.7735340155872539e+001,
       3.0053066583799875e+001, 3.0937067316343768e+001,
       2.4057965205455670e+001, 2.0025280293705503e+001,
       1.9222538744499900e+001, 2.2020635782102861e+001,
       2.4524725385232802e+001, 2.5035452117786864e+001,
       8.5885554648205058e+001, 8.1279207634547575e+001,
       7.7993666581739021e+001, 7.8270215137250815e+001,
       7.6189716578089048e+001, 7.7757618788734419e+001,
       8.0869752885296123e+001, 8.7636432787434018e+001,
       9.2303047063374763e+001, 9.4470731583659699e+001,
       9.4247734241212726e+001, 9.1300066011747120e+001,
       8.3765865267521519e+001, 8.3483155766699184e+001,
       8.1789577286381359e+001, 8.4248400721422897e+001,
       8.6386470580321358e+001, 8.6269347434266606e+001 ]
filename: "../images/shape_central_av.jpg"
fileleft: "../images/shape_central_av.yml"
fileright: "../images/shape_central_av.yml"
