%YAML:1.0
shape: !!opencv-matrix
   rows: 132
   cols: 1
   dt: d
   data: [ -2.1839321900683446e-006, 7.7212330379325822e-001,
       2.5966910729204153e+000, 5.6523690368815389e+000,
       1.1333833123951996e+001, 2.0809559648698404e+001,
       3.3248499635869791e+001, 4.7855626915087328e+001,
       6.4474561342676154e+001, 8.0498545548034684e+001,
       9.4463674908943887e+001, 1.0619835511286784e+002,
       1.1494435358137980e+002, 1.2038488838757348e+002,
       1.2400268056677525e+002, 1.2664294143662035e+002,
       1.2800000952215930e+002, 1.5507399492119838e+001,
       2.3854780165796768e+001, 3.4306433731726166e+001,
       4.5014875291350684e+001, 5.5199727990542200e+001,
       8.3013078687493490e+001, 9.2369980737700345e+001,
       1.0214448296849430e+002, 1.1159030354538127e+002,
       1.1895577715031220e+002, 6.9024671703307789e+001,
       6.9031537073023188e+001, 6.9044119410477663e+001,
       6.9005593363363417e+001, 5.6417756521202740e+001,
       6.1909605900532284e+001, 6.7874832035584348e+001,
       7.3542978125028611e+001, 7.8773462652312006e+001,
       2.9814384251819984e+001, 3.6387765228180108e+001,
       4.4275407792830514e+001, 5.0221312424414087e+001,
       4.3377975752830174e+001, 3.6183907449727606e+001,
       8.5317536824078957e+001, 9.1554825624605030e+001,
       9.9349627885060599e+001, 1.0545135490443636e+002,
       9.9045919175399405e+001, 9.1958119652396547e+001,
       4.4858198264668239e+001, 5.1884148540614184e+001,
       5.9277384760030287e+001, 6.6853250282687881e+001,
       7.3958639246971373e+001, 8.0454653920650912e+001,
       8.6208206765683045e+001, 8.0515490192773385e+001,
       7.3486059309770667e+001, 6.5949527651649248e+001,
       5.8078088034516604e+001, 5.0794165289028712e+001,
       5.9177510831399843e+001, 6.6509708292660690e+001,
       7.3144463217612838e+001, 7.3066694604022587e+001,
       6.6383679697330251e+001, 5.9120935760187088e+001,
       8.2125707773290504e+000, 2.4945547778822604e+001,
       4.1417195548397245e+001, 5.8989812539659496e+001,
       7.8419765088369786e+001, 9.6228903751166911e+001,
       1.1082532588348251e+002, 1.2229724193218250e+002,
       1.2800000479485277e+002, 1.2257949317474323e+002,
       1.1121406557284438e+002, 9.6608228741666068e+001,
       7.8877140361440368e+001, 5.9942722864059895e+001,
       4.2923435158017085e+001, 2.7084397950442529e+001,
       1.0891341626085046e+001, 5.8794113150128648e+000,
       1.1809820257374979e+000, -3.8070114517676717e-006,
       2.0985208957627863e+000, 6.2916548534722265e+000,
       7.0857579476142245e+000, 3.2278837642196074e+000,
       1.3380531795859247e+000, 2.2156209576529511e+000,
       6.3988226274498725e+000, 2.4553100399580497e+001,
       3.7853832604376997e+001, 5.1152075437474103e+001,
       6.4177303918967027e+001, 6.7276856544077887e+001,
       7.0058064929889042e+001, 7.1529965753863110e+001,
       7.0239772751784216e+001, 6.7662201117169431e+001,
       2.1575194334662278e+001, 1.7729757831161631e+001,
       1.8172943771143878e+001, 2.2705715014054228e+001,
       2.4714349503484062e+001, 2.4609104768589560e+001,
       2.3437912126104528e+001, 1.9164937051658981e+001,
       1.8928534497803945e+001, 2.3089591137816729e+001,
       2.5918503839397776e+001, 2.5737753558182558e+001,
       8.4703754986633555e+001, 8.3161960608092258e+001,
       8.2073621681472460e+001, 8.4855597970011459e+001,
       8.2372328422084209e+001, 8.3831201986637197e+001,
       8.5855966498345481e+001, 9.1311749955669228e+001,
       9.4812901029061806e+001, 9.6493658026320745e+001,
       9.4417798094565512e+001, 9.0458138620400049e+001,
       8.6874966262135985e+001, 8.9265469934399206e+001,
       8.7147412921132954e+001, 8.6268798676808785e+001,
       8.7998282159431341e+001, 8.5979508425853837e+001 ]
filename: "../images/shape_central_av.jpg"
fileleft: "../images/shape_central_av.yml"
fileright: "../images/shape_central_av.yml"
