%YAML:1.0
shape: !!opencv-matrix
   rows: 132
   cols: 1
   dt: d
   data: [ -3.0749707819293781e-006, 4.9543149083138849e-001,
       1.9654318113845197e+000, 4.3325128448798624e+000,
       8.7347262125514895e+000, 1.7373768233447912e+001,
       2.9690345112216818e+001, 4.4451599860231575e+001,
       6.1226865676796834e+001, 7.8635396367703436e+001,
       9.4096032458719378e+001, 1.0706903145549991e+002,
       1.1655151405759440e+002, 1.2200293052389475e+002,
       1.2512189530073273e+002, 1.2707619097408748e+002,
       1.2800000658809699e+002, 1.1151922811570394e+001,
       1.8787094443477095e+001, 2.8373554638930113e+001,
       3.8185094093615604e+001, 4.7618653564777837e+001,
       7.7703503686164481e+001, 8.7271405347950207e+001,
       9.7163379269813348e+001, 1.0673307913654808e+002,
       1.1427067906183304e+002, 6.2941395350163027e+001,
       6.2551355333090733e+001, 6.2145119628776278e+001,
       6.1756971126816161e+001, 5.1496943735800720e+001,
       5.6649702861009352e+001, 6.2064375151215366e+001,
       6.7558469943552339e+001, 7.2790716563677265e+001,
       2.3823192594111557e+001, 3.0235906596916909e+001,
       3.7922069505208235e+001, 4.4319868822888594e+001,
       3.7546481953968993e+001, 3.0360498139182983e+001,
       8.1337903010371846e+001, 8.7802513928208739e+001,
       9.5411945733567606e+001, 1.0157382761766338e+002,
       9.4974010908336169e+001, 8.7879043232017665e+001,
       3.8530861426967164e+001, 4.5262544209651523e+001,
       5.3118706795998506e+001, 6.1629731963684890e+001,
       7.0405441614107815e+001, 7.8324334619938611e+001,
       8.5079120335996890e+001, 7.8478224982473634e+001,
       7.0367640154336044e+001, 6.1577535558854116e+001,
       5.2915997384760274e+001, 4.4997905338966206e+001,
       5.2560513547266794e+001, 6.1639622550929566e+001,
       7.1043180019254663e+001, 7.1161458092083492e+001,
       6.1754363185775631e+001, 5.2610383056017334e+001,
       2.0733829350601113e+001, 3.7531189829997210e+001,
       5.4308302202368253e+001, 7.1307201689399648e+001,
       8.8273628809471859e+001, 1.0343501492443234e+002,
       1.1553794330591350e+002, 1.2441246617820285e+002,
       1.2799999765851470e+002, 1.2484748054328139e+002,
       1.1626753429710578e+002, 1.0428483876748967e+002,
       8.9268173443887974e+001, 7.2691127916575525e+001,
       5.6235156075944680e+001, 4.0024702102986552e+001,
       2.3755973787693399e+001, 6.5897877651901231e+000,
       1.5097838846186957e+000, -4.8855133393646727e-007,
       1.2154224425400317e+000, 4.2108900173128170e+000,
       5.4294897527244554e+000, 2.9517850225190956e+000,
       2.2165739392164050e+000, 4.0817824995096945e+000,
       9.3785658607999167e+000, 1.8730738022562615e+001,
       2.8727140324462376e+001, 3.8701217364342732e+001,
       4.8618882629631777e+001, 5.7144127304790700e+001,
       5.8880349859092036e+001, 5.9808819551535755e+001,
       5.9098057677065903e+001, 5.7564400052977035e+001,
       2.0966979002406102e+001, 1.7415636827988230e+001,
       1.7415285864847913e+001, 2.0865713636025674e+001,
       2.2803207246453969e+001, 2.3002913208896345e+001,
       2.1950416061136217e+001, 1.8918128672361220e+001,
       1.9277388834330271e+001, 2.3144277742574872e+001,
       2.4810480270940165e+001, 2.4236197011321956e+001,
       8.0747310958706649e+001, 7.6421621020403776e+001,
       7.3464089005418515e+001, 7.4849660346738744e+001,
       7.3829792339479411e+001, 7.7125147584959535e+001,
       8.1821558078073295e+001, 8.6748263919600262e+001,
       8.9550936163615390e+001, 9.0417086528812689e+001,
       8.9184562347430997e+001, 8.5988766228406519e+001,
       7.9331289194638771e+001, 8.0139679894786070e+001,
       7.9717259898877202e+001, 8.1470828778467791e+001,
       8.2305856726471930e+001, 8.1070562113986028e+001 ]
filename: "../images/shape_central.jpg"
fileleft: "../images/shape_central.yml"
fileright: "../images/shape_central.yml"
